96.0 24.9293 24.8535
86.0 29.8166 28.1898
135.0 31.1184 29.6439
177.0 25.3364 24.1197
114.0 27.1109 27.5897
122.0 31.5801 35.9648
73.0 29.6863 35.1777
146.0 31.5491 30.4445
168.0 29.4397 30.5567
109.0 29.187 28.9594
102.0 30.184 30.9967
119.0 25.3714 28.5155
85.0 25.2973 27.698
107.0 28.6285 31.1706
107.0 26.7727 26.2849
76.0 29.1736 26.6446
70.0 28.8931 29.8902
82.0 34.2323 34.0221
97.0 26.9435 34.8426
109.0 28.9234 31.846
247.0 26.4469 33.4892
211.0 26.9728 23.9556
262.0 26.6173 28.7681
232.0 25.2217 24.3883
267.0 28.0669 28.8645
251.0 22.3106 23.3258
226.0 24.1594 34.5543
192.0 24.0393 27.6567
267.0 22.506 26.1949
220.0 24.2054 25.012
154.0 33.703 32.5233
159.0 33.4317 30.2667
172.0 30.1722 27.8959
134.0 32.4682 29.3433
141.0 31.9971 28.616
128.0 28.3151 26.0319
118.0 27.7173 21.099
115.0 27.5121 24.7783
145.0 27.8891 24.4814
141.0 26.5317 23.2944
251.0 21.1482 25.789
125.0 24.9466 31.0391
118.0 23.3378 30.5172
165.0 24.4291 32.2912
260.0 24.018 23.8603
205.0 23.7579 27.5516
170.0 20.2838 24.694
166.0 24.6363 26.4222
221.0 21.7052 29.2369
161.0 18.1423 28.19
199.0 23.2743 24.3673
174.0 24.8392 26.1644
222.0 22.9408 24.3652
190.0 22.0657 25.6337
200.0 24.1645 23.0635
215.0 14.1249 24.6533
247.0 21.0939 28.1255
216.0 20.4558 22.4693
191.0 21.523 22.9827
199.0 21.3615 30.53
237.0 23.5089 26.4654
195.0 20.8333 24.0615
201.0 25.6201 27.1291
219.0 24.7641 32.8515
249.0 22.1139 31.2637
173.0 23.9143 33.3583
212.0 25.1812 28.3481
144.0 26.5535 24.4019
295.0 21.2262 29.2058
159.0 23.1541 26.4886
171.0 24.7726 27.1008
130.0 27.4334 31.0363
147.0 21.2193 28.1003
228.0 26.8069 31.1674
204.0 22.8695 26.258
163.0 27.7757 32.0304
194.0 26.8509 29.6877
122.0 26.2139 25.3132
88.0 26.9701 31.138
145.0 25.1928 32.4151
145.0 26.3099 25.0805
147.0 27.0285 32.6134
177.0 25.8435 19.4417
165.0 23.4375 30.9755
150.0 25.1516 25.7195
113.0 26.7069 27.4995
171.0 26.9754 23.7888
202.0 28.5458 31.5354
195.0 23.8897 25.5626
196.0 23.7189 30.9331
121.0 23.8027 28.2696
103.0 24.0968 25.1533
124.0 21.4323 27.1208
132.0 24.9447 29.9865
125.0 23.048 26.5155
277.0 24.1557 26.5605
233.0 20.3969 28.673
223.0 24.4953 24.6756
184.0 21.7465 25.1306
229.0 26.7967 29.532
216.0 26.6584 32.9074
155.0 27.9759 31.5461
161.0 26.8031 27.2946
219.0 20.0115 29.3091
163.0 24.8414 27.9925
89.0 29.1065 28.6429
151.0 23.6703 23.746
88.0 34.4742 26.1817
80.0 32.0395 29.1955
73.0 32.3041 31.2263
139.0 30.561 30.428
157.0 31.8061 24.8509
127.0 28.5484 23.3032
109.0 29.297 29.8571
110.0 26.4321 31.2954
250.0 25.4822 31.3434
57.0 27.5118 32.6142
60.0 29.7551 29.7137
159.0 24.154 25.8899
109.0 27.3936 29.486
223.0 23.3532 22.0965
203.0 21.166 23.9143
266.0 20.7841 23.422
195.0 23.4942 30.5135
232.0 19.9845 24.8921
167.0 27.3787 32.4455
202.0 27.3553 30.1144
229.0 30.2912 28.3909
182.0 29.2067 29.0175
172.0 28.5677 29.7759
182.0 26.1148 24.0437
206.0 21.1496 26.9003
214.0 24.1153 27.2065
207.0 25.9109 27.6757
199.0 22.6659 30.4651
166.0 27.4969 28.7615
193.0 27.47 25.5636
216.0 27.9521 31.2457
222.0 28.6325 27.8555
175.0 24.0314 22.9539
190.0 18.4477 30.9541
147.0 23.0891 31.4197
146.0 20.011 29.1316
192.0 24.2485 35.8181
152.0 23.4218 27.7587
262.0 25.897 29.394
231.0 25.288 23.9535
282.0 26.1067 26.8391
212.0 25.7721 25.1849
253.0 24.4703 25.6992
83.0 30.3882 28.3189
69.0 28.6761 27.0289
54.0 29.7502 30.2496
132.0 28.6456 30.783
113.0 29.7774 31.3781
182.0 19.0452 25.2037
202.0 19.1379 23.8382
166.0 20.1341 26.7127
253.0 26.5151 27.8781
216.0 20.0083 26.5918
116.0 30.0377 32.8919
96.0 23.9615 25.4206
102.0 27.3364 29.5071
97.0 29.0257 29.0875
125.0 26.6164 26.3817
148.0 28.2432 25.0034
200.0 26.9239 31.7687
161.0 29.1652 32.2485
120.0 32.9919 33.4911
185.0 32.6509 28.9049
233.0 23.2876 28.2734
228.0 27.3701 30.5084
230.0 31.3451 33.2862
127.0 26.0042 25.6664
316.0 26.4954 25.5071
228.0 29.8121 38.2615
247.0 32.6768 23.5378
259.0 32.8117 33.8106
219.0 31.3734 29.6036
241.0 28.5675 27.8737
27.0 32.5309 33.6241
104.0 28.7261 30.49
395.0 26.1989 30.5035
26.0 30.3916 33.226
279.0 30.7008 32.1902
220.0 33.0137 29.3485
214.0 32.0083 27.3636
181.0 27.4694 28.1498
141.0 29.6724 30.5417
209.0 26.4786 22.6589
185.0 22.9307 24.654
182.0 25.377 26.4012
147.0 22.112 23.4014
88.0 25.9832 23.2387
278.0 26.096 25.4388
99.0 32.7727 29.415
176.0 25.6192 24.9742
172.0 23.1484 29.4372
207.0 22.2342 24.7206
179.0 23.4988 29.5254
80.0 26.8514 28.4101
86.0 23.6747 28.0148
106.0 25.1512 25.5011
84.0 27.4383 28.7529
80.0 26.2304 27.9882
192.0 24.8501 23.5713
182.0 28.4596 28.606
203.0 25.8397 30.428
162.0 25.3175 29.3219
194.0 22.3938 25.0901
183.0 22.1301 28.5094
172.0 24.0055 30.0677
256.0 23.4715 31.1228
221.0 22.839 31.0271
181.0 22.6437 27.0008
208.0 21.0101 28.4875
203.0 23.5766 29.7459
223.0 22.4531 26.0135
188.0 23.977 29.573
178.0 26.6184 26.588
231.0 19.9931 25.4231
265.0 22.3876 29.1864
201.0 20.5575 27.8892
229.0 23.9316 27.6141
289.0 22.3494 28.561
93.0 26.1223 24.1632
126.0 29.8187 26.3393
89.0 27.2201 31.5878
82.0 27.2307 31.8891
114.0 28.6511 30.0127
147.0 24.7238 32.2362
170.0 28.0666 30.6137
169.0 24.1671 28.7519
170.0 23.6632 24.1255
173.0 28.0512 28.4018
164.0 26.6142 29.1932
190.0 28.454 29.4405
134.0 26.6151 28.6871
202.0 27.9579 26.0794
198.0 27.2846 26.1424
129.0 21.8095 31.3585
175.0 23.1709 27.1179
245.0 20.8878 27.275
163.0 24.1965 26.8751
153.0 24.2949 26.8741
98.0 29.2088 31.6458
155.0 27.393 33.308
144.0 28.9232 25.6869
159.0 26.8167 29.3531
140.0 30.1244 31.3407
129.0 26.6171 27.0765
166.0 26.8029 30.0778
128.0 27.545 28.682
123.0 25.6213 29.5354
183.0 25.8196 23.9378
192.0 23.7075 28.24
179.0 25.1377 27.909
155.0 22.2336 24.8249
144.0 24.2074 31.387
179.0 23.7565 26.1738
194.0 24.1687 22.9694
215.0 23.0224 23.0025
167.0 24.6988 27.9229
132.0 28.3398 28.2325
94.0 25.7766 25.3195
174.0 27.2017 33.5841
167.0 27.9994 31.0025
170.0 26.1236 26.1946
188.0 24.561 29.3101
190.0 27.4455 31.9406
198.0 26.0937 25.9462
173.0 26.1272 30.5493
213.0 26.8744 32.0471
206.0 27.3912 28.8065
184.0 28.221 28.926
132.0 31.924 29.0525
104.0 28.7004 26.813
128.0 30.8818 25.1276
164.0 27.3116 28.3602
78.0 32.0939 32.0039
184.0 26.9823 27.4587
181.0 30.2182 28.7951
210.0 32.7892 31.4966
186.0 23.4753 23.5188
187.0 27.3848 26.7215
134.0 21.3681 26.4633
193.0 22.6875 27.5222
175.0 22.4461 27.1035
132.0 19.6102 21.3033
187.0 21.1585 25.7166
118.0 23.8534 25.668
193.0 24.411 23.6397
185.0 20.9319 21.8405
160.0 24.1797 25.0876
205.0 23.7456 32.309
152.0 30.3214 33.0673
115.0 29.0823 33.5124
109.0 26.9014 25.7551
167.0 26.4602 23.4993
139.0 27.6783 32.4616
163.0 29.537 29.0958
151.0 28.5575 29.9214
179.0 28.5389 26.261
180.0 28.615 28.6976
184.0 31.5907 28.6163
139.0 24.8189 24.1779
191.0 24.9443 29.636
225.0 23.471 30.0229
192.0 23.8991 27.39
155.0 24.8158 31.1711
142.0 25.031 28.9617
158.0 27.6375 33.807
194.0 27.5833 31.3073
178.0 22.0423 30.9862
231.0 24.5536 26.8116
142.0 32.8698 31.7277
186.0 30.6382 30.1347
148.0 32.0648 29.3956
220.0 31.7272 30.7011
250.0 25.4247 29.4211
143.0 21.5505 24.9184
146.0 25.1137 27.5041
190.0 26.3403 28.627
161.0 27.4989 31.4291
309.0 25.2064 25.4975
165.0 22.613 34.6463
162.0 19.6392 26.9465
151.0 22.3228 27.4988
134.0 22.0396 27.5315
232.0 19.793 28.7982
188.0 24.3032 24.7196
163.0 29.2998 30.3837
209.0 28.5514 32.0353
131.0 26.3254 25.8072
217.0 29.4833 23.3296
156.0 18.3611 28.083
214.0 24.6903 27.9143
225.0 24.3987 25.7741
221.0 22.9649 27.4903
179.0 24.993 27.3655
135.0 30.2963 28.1119
176.0 23.5834 28.487
161.0 29.2538 23.3011
184.0 23.2828 21.6314
160.0 27.6337 29.7877
112.0 16.3138 24.7566
85.0 18.3745 26.0239
140.0 16.1681 22.4984
122.0 18.0914 27.1299
174.0 16.4278 25.647
97.0 23.5873 32.3831
81.0 19.5314 22.2789
174.0 21.9687 29.9868
117.0 20.7157 29.8746
105.0 24.304 30.3175
181.0 23.1487 28.3817
170.0 25.4991 32.72
313.0 22.9446 25.1346
210.0 23.7059 23.2177
202.0 25.8035 26.5532
149.0 26.1354 25.8763
110.0 27.971 31.3636
127.0 29.3927 29.9848
129.0 27.4597 31.829
127.0 27.9306 30.1397
108.0 31.3223 29.4956
104.0 27.9 28.8874
111.0 29.0186 30.3557
172.0 30.9925 24.4563
112.0 30.4577 32.5555
74.0 31.7421 26.1151
76.0 31.3972 31.2959
76.0 32.3184 29.9159
203.0 30.1978 22.5274
91.0 30.4928 29.0149
129.0 22.9256 29.0071
144.0 23.4172 25.5107
152.0 22.9775 26.4452
164.0 21.652 23.8025
126.0 23.7777 26.2231
219.0 33.7037 29.8978
238.0 25.9868 26.1597
260.0 27.495 27.4287
251.0 24.6815 25.9683
221.0 29.6149 33.2189
192.0 25.3643 23.7614
119.0 30.9766 31.0116
188.0 26.1791 26.2892
156.0 24.0004 26.4597
172.0 27.9432 27.7316
230.0 23.2909 30.6479
184.0 23.9779 30.5086
261.0 24.3081 29.8193
275.0 23.5307 25.0943
231.0 24.9605 29.1231
219.0 29.3492 27.5309
198.0 24.7938 26.799
210.0 26.6266 31.9508
138.0 28.6006 30.5499
465.0 24.8373 26.1141
105.0 20.1773 31.6403
113.0 23.2025 31.7397
129.0 24.5202 33.4665
84.0 22.2903 29.5628
111.0 22.1221 24.9563
122.0 26.8769 28.9818
193.0 24.4616 30.0182
139.0 33.1544 30.489
126.0 23.7355 23.5181
159.0 27.0592 30.5774
164.0 32.1963 30.2622
204.0 30.6651 26.6448
203.0 32.7582 30.1297
259.0 34.2759 30.6355
156.0 29.2948 23.8992
104.0 31.7177 28.204
139.0 34.8232 29.3238
53.0 27.4519 32.0837
51.0 29.076 32.4768
91.0 31.2196 31.169
290.0 28.0228 33.8636
201.0 28.9059 31.0739
191.0 29.0318 32.4392
231.0 29.8989 24.9336
189.0 29.8541 30.6431
99.0 33.6146 29.6732
137.0 29.3895 26.4674
106.0 28.4822 28.8571
92.0 30.1838 26.1536
115.0 30.1988 27.3667
144.0 29.7742 28.3148
180.0 25.3455 29.1685
136.0 24.0593 23.28
198.0 22.6934 27.3022
117.0 23.2359 29.0872
266.0 26.9839 31.5672
219.0 25.9403 24.7771
202.0 28.2912 25.5311
198.0 28.1617 28.3374
205.0 23.4493 24.7516
211.0 25.6983 31.0115
217.0 24.3849 30.5675
200.0 26.8044 24.6297
263.0 24.5345 28.7549
246.0 22.9385 30.3269
153.0 35.0164 24.2147
158.0 35.116 28.5675
128.0 36.3693 27.22
115.0 33.1187 31.7442
164.0 31.0117 25.0222
150.0 32.417 24.1361
187.0 21.8272 23.0452
191.0 18.5107 25.7699
175.0 26.2561 26.9309
198.0 21.9307 22.6022
228.0 22.7717 22.9221
245.0 22.7516 31.4219
166.0 23.6056 27.0863
161.0 22.9564 28.1341
155.0 26.2452 22.6553
128.0 31.151 31.9122
193.0 27.8114 25.5461
156.0 29.8749 33.0597
157.0 32.8477 32.9193
150.0 28.956 29.4277
118.0 28.9892 31.0777
166.0 22.2831 26.8934
230.0 28.171 30.0775
111.0 30.8444 31.8309
166.0 25.4009 28.5601
205.0 22.7426 25.3675
236.0 26.5051 26.7423
230.0 23.6008 25.5992
224.0 24.8273 23.269
188.0 23.4762 25.2675
147.0 28.7788 32.3748
143.0 24.1171 27.4743
129.0 31.4283 31.154
166.0 27.7349 33.0895
162.0 28.0016 32.5041
196.0 20.2505 27.3119
209.0 23.0519 31.5104
205.0 23.8653 33.3269
244.0 20.6365 24.8309
243.0 24.588 30.0562
149.0 20.21 22.1131
182.0 20.6027 28.1833
120.0 20.2884 25.0198
164.0 21.2485 28.1852
139.0 20.1244 27.8992
295.0 30.4034 27.9384
205.0 29.4036 26.6404
253.0 28.3901 25.7408
269.0 29.7046 29.8215
352.0 26.238 28.4617
84.0 23.0867 26.2241
116.0 24.9975 27.7645
222.0 22.0599 26.9667
183.0 26.9611 25.2631
201.0 28.0775 27.6663
